453
-0.0248608 0.122913 0.0245429 -0.16733032 0.8598005 0.48243517
-0.0298757 0.124252 0.0209674 0.042904712 0.88911355 0.45567122
-0.0307198 0.117989 0.0306166 0.0043398347 0.6971978 0.7168657
-0.0698696 0.168536 -0.0313319 0.35328433 0.87104565 0.3412766
-0.0771451 0.167706 -0.0298798 -0.73270285 0.6286011 0.26078206
-0.0702109 0.165303 -0.0194661 0.25977427 0.91555065 0.30705765
-0.0429617 0.0430242 -0.0176288 -0.65793157 0.57015467 -0.4919856
-0.0427206 0.0343557 -0.0191302 -0.13680424 -0.98557097 -0.099671505
-0.0512932 0.034227 -0.0129013 -0.7059609 -0.190932 -0.68202937
-0.0284988 0.090492 -0.0290854 -0.5526074 0.32337826 -0.7681481
-0.0315639 0.0959331 -0.0236801 -0.33393222 0.34406945 -0.87755656
-0.0290125 0.106719 -0.0207479 -0.17369485 0.4706249 -0.86506784
-0.0176335 0.127605 0.0179366 -0.23712331 0.9453097 0.22396891
-0.0192761 0.119853 0.0328061 -0.29247838 0.7356949 0.6109087
-0.014179 0.12627 0.0266417 -0.31019473 0.8767308 0.3675899
-0.0295675 0.126072 0.0146338 0.034229804 0.99283046 0.11452562
-0.00590708 0.127934 0.0274623 -0.13402568 0.89285463 0.42993933
-0.0061847 0.122729 0.034787 -0.07999891 0.69982016 0.7098253
-0.0562502 0.135013 0.0330455 0.7638931 0.30531225 0.56855226
-0.0479133 0.129301 0.0269646 0.5693074 0.5283449 0.62987363
-0.0435389 0.130014 0.0175333 0.58860636 0.77755326 0.22125435
0.01744 0.127694 0.0185348 0.42043746 0.88504624 0.19981377
0.00582164 0.12806 0.0279016 0.09640704 0.89582455 0.43382484
0.0144345 0.127081 0.026297 0.33407947 0.82612115 0.4537783
-0.0277717 0.0382563 0.0322865 0.2029509 -0.975225 0.08801791
-0.0330745 0.0355217 0.0292236 0.18415685 -0.9828901 -0.0036244984
-0.0352445 0.0350571 0.0178257 0.20904005 -0.9772889 0.034765035
-0.0388913 0.123761 0.0249778 0.2947193 0.7445093 0.5990379
-0.00600095 0.130398 0.0178986 -0.14004803 0.98338634 0.11548959
-0.089811 0.132401 0.00705743 -0.8804451 0.10962127 -0.461302
-0.0850269 0.146034 0.00585954 -0.7867312 0.4550493 -0.41711405
-0.0856984 0.136903 0.00192122 -0.7882871 0.1710126 -0.5910652
-0.0516317 0.145001 0.0184804 0.8619381 0.35046846 0.36638033
-0.0563953 0.154565 0.016878 0.5079625 0.8371941 0.20268245
-0.057352 0.144989 0.0315196 0.75162286 0.32576075 0.5735357
0.00595475 0.131024 0.0178252 0.116124436 0.9844314 0.1319468
-0.0787921 0.0707773 0.00685585 -0.7831125 -0.60865736 -0.12755752
-0.0784878 0.0705283 0.0174461 -0.77713877 -0.6214436 0.099313
-0.0845255 0.0800572 0.00530702 -0.89685124 -0.4059232 -0.17573911
-0.0622848 0.16236 -0.0396288 0.94547814 0.20718579 -0.2512869
-0.0682606 0.170398 -0.0436995 0.7199428 0.6393526 0.2700194
-0.0674935 0.128392 -0.00863471 -0.03529443 0.15487953 -0.98730266
-0.0803913 0.129634 -0.00469755 -0.52638656 0.040942837 -0.84925896
-0.0679676 0.142877 -0.00757643 0.4046717 -0.09196748 -0.9098257
0.0059746 0.130858 0.00579479 0.07311246 0.9890972 -0.12783356
-0.0688547 0.122052 0.0517569 0.44287962 -0.01009774 0.89652425
-0.0706519 0.13063 0.0502497 0.4371139 0.45511687 0.7757577
-0.0779781 0.13255 0.0513494 -0.012193241 0.40605995 0.9137651
-0.0780612 0.120653 0.0513999 -0.33774424 -0.28649896 0.8965753
-0.0666127 0.133021 0.0447044 0.6079322 0.31185788 0.73018014
-0.0797891 0.14376 0.0426994 -0.30833164 0.63573366 0.70765406
-0.0683011 0.144828 0.0413688 0.24869016 0.60008013 0.7603006
-0.0844262 0.0797714 0.0186332 -0.8856491 -0.4014634 0.23335129
-0.00593116 0.130215 0.005954 -0.14268674 0.97789216 -0.15286398
-0.0142186 0.174013 -0.0259807 -0.55131924 -0.4018861 -0.7311188
-0.00967101 0.173225 -0.0264945 0.06584228 -0.34269437 -0.93713677
-0.0106656 0.167541 -0.0199013 0.76656747 -0.47495565 0.4321938
0.0056976 0.10589 0.0435511 0.12538348 0.5105803 0.85063905
0.00678622 0.115841 0.0388077 0.13055407 0.511976 0.8490208
-0.00598232 0.115409 0.0402027 -0.034754593 0.47228327 0.8807614
0.0147876 0.0909747 0.0509658 0.3407245 0.33028233 0.88023883
0.0185443 0.0948112 0.0477587 0.3304838 0.39793882 0.8558184
-0.0173568 0.127613 0.00526885 -0.20170663 0.96726555 -0.15398644
-0.0566374 0.0470184 0.0305809 -0.65289396 0.6791181 0.3354523
-0.053091 0.0567402 0.0293963 -0.78848493 -0.45696515 0.41167274
-0.0572759 0.043243 0.042862 -0.3621438 0.6400362 0.67764693
-0.0473086 0.145156 0.00688469 0.99280727 -0.11301402 0.03951622
-0.049353 0.139298 0.0147955 0.9332841 0.33835876 0.12039144
-0.0911449 0.118816 0.0298442 -0.9243363 -0.3328159 0.1866438
-0.0904864 0.118611 0.0412148 -0.8560359 -0.314503 0.4102322
-0.0912064 0.131415 0.0295307 -0.99202347 0.08373614 0.094221786
0.00517855 0.0931738 0.0535873 0.20834124 0.41380972 0.8862029
-0.0888516 0.0909723 0.0179034 -0.96263915 -0.15529004 0.22183533
-0.0175129 0.162126 -0.0145489 0.27373284 -0.7103159 -0.6484764
-0.0178406 0.170484 -0.0181143 0.993982 -0.07014152 0.08414212
0.0297273 0.0425502 0.0304975 0.44371882 -0.7027003 0.55617064
0.0432673 0.0458291 0.0278251 0.43451318 -0.5776767 0.69100505
0.0336642 0.0540543 0.0350841 0.55641997 -0.27311233 0.7847334
-0.0679534 0.0418588 0.00668394 -0.9142736 0.39100102 0.1059338
-0.0566284 0.0547031 0.00744563 -0.97006863 -0.23339094 -0.067047514
-0.059413 0.0471382 0.00628538 -0.6747697 0.7380267 0.0015655406
-0.0556774 0.0935206 0.044207 -0.030426068 0.08798406 0.9956571
-0.0686864 0.0923704 0.0421978 -0.41285944 0.111546725 0.9039383
-0.0683084 0.0803316 0.0407109 -0.38950804 -0.32351828 0.8623338
-0.067874 0.106952 0.0403725 0.013942935 -0.1845369 0.98272663
-0.0554961 0.103898 0.0411405 0.04017363 0.3719442 0.92738533
0.00639794 0.0437006 0.046826 0.24433307 -0.45746657 0.8550004
0.00376754 0.0477551 0.0502037 0.11246327 -0.46872267 0.87615705
-0.00659732 0.0427285 0.0469391 -0.008806759 -0.39051557 0.9205543
0.00529431 0.0556798 0.0532881 0.26598305 -0.30089548 0.9158138
-0.055894 0.0792594 0.0435335 -0.096153036 -0.2548753 0.96218145
-0.00597407 0.105897 0.0440669 -0.0841001 0.49475345 0.8649544
0.00708728 0.0673218 0.0553369 0.23468655 -0.11866905 0.9648005
0.00706485 0.0811917 0.0558187 0.2304533 0.072511494 0.9703779
-0.00607221 0.0677102 0.0564501 -0.055515103 -0.16841911 0.98415095
-0.0312216 0.126304 0.00514924 0.14677893 0.9712618 -0.18736735
0.00596007 0.122504 0.0346272 0.1527712 0.6725755 0.72408783
-0.0056258 0.0565038 0.0538818 -0.14640522 -0.3200263 0.9360281
-0.0425379 0.155441 -0.00749353 -0.031628963 -0.73458743 -0.67777646
-0.0379555 0.161954 -0.0128021 -0.4008939 -0.40248236 -0.8229775
-0.0294827 0.158293 -0.00619266 0.35020635 -0.93626374 0.027671047
-0.0882582 0.0898687 0.00696625 -0.96707934 -0.07568442 -0.24295962
0.0381804 0.105121 0.0266947 0.8401343 0.39685652 0.36970153
0.0400873 0.10521 0.0173419 0.88876015 0.45216668 0.075170666
0.0370431 0.110443 0.0207229 0.78226733 0.5843685 0.21580385
-0.0787032 0.144274 -0.00389052 -0.7900385 0.13666348 -0.5976305
-0.0176142 0.0386055 -0.00584508 0.01654456 -0.99973935 0.015730463
-0.0299129 0.0383912 -0.00582677 -0.055340417 -0.92298055 -0.38084692
-0.0177811 0.0382546 -0.0154503 -0.086247005 -0.9153772 0.3932506
0.00749586 0.09835 0.0488255 1.0 0.0 0.0
0.0188699 0.119862 0.032409 0.39843577 0.640332 0.65667635
-0.0427118 0.0421645 0.0427004 -0.17039472 0.20183839 0.9644827
-0.0431978 0.0555777 0.0390838 -0.42992604 -0.09412757 0.89794415
0.0175205 0.0552114 -0.0272756 0.43062544 -0.22302788 -0.8745401
0.0175653 0.0679339 -0.0289388 0.42160627 -0.07191894 -0.90392244
0.031738 0.0679983 -0.0183532 0.6616302 -0.11422029 -0.7410797
-0.0436768 0.078916 0.0428855 -0.013500972 -0.15398704 0.98798066
-0.0545308 0.0714603 0.0397042 -0.20235385 -0.53923035 0.8174861
-0.0431924 0.0921154 0.0432689 -0.015742492 0.07017075 0.9974107
-0.0441636 0.104918 0.0401706 0.028077472 0.41470113 0.90952444
-0.0561854 0.111277 0.0373713 0.20778908 0.22387831 0.9522091
-0.0434589 0.117191 0.0317044 0.16727398 0.57568634 0.80037785
-0.0539402 0.118566 0.0353731 0.51337457 0.25309062 0.8199949
0.042771 0.0560351 0.031559 0.38778204 -0.064570576 0.91948664
-0.0431038 0.0674388 0.0407737 -0.18132645 -0.15324758 0.9714092
-0.040984 0.110496 0.0370883 0.055211797 0.51680326 0.85432196
-0.0314704 0.157066 0.000976216 0.30661562 -0.9455762 0.108960845
-0.0440101 0.167035 0.00231898 0.021084147 0.5204252 0.85364693
-0.036487 0.171225 0.000545037 -0.0032963103 0.9088863 0.41703084
-0.0436418 0.169438 -0.00550226 -0.6467077 0.6859644 -0.3334994
-0.0296243 0.0543188 0.0398951 -0.30162755 0.26661822 0.9153882
-0.0331811 0.0450744 0.0451146 -0.5705844 0.18620118 0.7998516
-0.0312919 0.0798298 0.0434944 -0.4567289 -0.24848114 0.85419893
-0.0293069 0.0680733 0.041016 -0.36487487 -0.15734081 0.9176656
-0.0298626 0.0940124 0.0444805 -0.30680162 0.31888494 0.89676374
-0.0301802 0.106322 0.0399745 -0.08529839 0.51735204 0.851511
-0.00599993 0.0794548 0.0578008 -0.011330467 0.06196068 0.99801433
-0.00598119 0.0940308 0.0542643 -0.045915853 0.45416373 0.8897342
0.0404629 0.105142 0.00640978 0.8955442 0.44210234 -0.05045941
0.0387342 0.102161 -0.00463112 0.84967214 0.36956576 -0.3761362
0.0370111 0.110397 0.00265294 0.7974763 0.55904776 -0.22693007
-0.0320055 0.110468 0.0370438 0.010639926 0.619026 0.78529847
-0.0316754 0.170395 -0.00635023 0.5329058 0.19611916 0.82313335
0.0188538 0.106293 0.0416902 0.26590574 0.4506478 0.85218
-0.0292804 0.0417747 0.051397 -0.55568683 0.20163687 0.80656976
-0.0446774 0.131204 0.00570479 0.72204775 0.6309009 -0.2839208
-0.0501524 0.140326 0.00258818 0.7190969 -0.11298853 -0.68566257
0.041907 0.0916386 -0.00556945 0.85377955 0.21502458 -0.47415707
0.0358078 0.0958594 -0.0120328 0.7270559 0.2688973 -0.63173103
0.0332714 0.108498 -0.00743195 0.64381415 0.5054974 -0.5744351
-0.0574473 0.152576 0.0284508 0.62700236 0.59461296 0.50329256
-0.0540036 0.055543 0.0177674 -0.8400294 -0.521292 0.15035051
-0.0573497 0.0431548 0.0200229 -0.86867934 0.4901227 0.07194375
-0.0214122 0.0546976 0.044641 -0.45432103 0.09138579 0.8861383
-0.017732 0.0423864 0.051684 0.4300982 0.13273142 0.89297146
-0.018288 0.108329 0.0415098 -0.21373844 0.4404694 0.87195337
-0.0191285 0.0985952 0.0456676 -0.23687008 0.584325 0.77618086
0.0205955 0.087113 0.0492325 0.46283486 0.20801198 0.8616931
0.0179416 0.0792747 0.0518862 0.47496787 0.03461059 0.87932223
0.01721 0.127663 0.00512593 0.43180916 0.8868416 -0.16447778
-0.0173189 0.0437942 0.0432695 -0.007859589 -0.64271456 0.76606536
-0.067218 0.156155 0.0178863 -0.024123494 0.99861115 0.046837706
-0.0795687 0.152875 0.0299311 -0.35839006 0.87784106 0.317729
-0.066633 0.153831 0.0308703 0.17729732 0.8545745 0.48812714
-0.0883219 0.105757 0.0172983 -0.97575605 -0.19543049 0.09852441
-0.0854227 0.105386 0.00339486 -0.90188277 0.05343712 -0.4286629
-0.0882293 0.106066 0.00846756 -0.9408155 -0.095633686 -0.32514668
-0.0206135 0.159773 -0.00717522 0.7366099 -0.050364222 0.67443997
0.0567375 0.0542224 0.00512483 0.93866384 -0.18454356 -0.29129696
0.0554197 0.0686378 0.00589653 0.7716163 0.4678049 -0.43100682
0.0574748 0.0682218 0.0171425 0.83344406 0.51185846 0.20825922
0.0581591 0.0550016 0.0180254 0.93565 -0.32673272 0.13343461
-0.0143174 0.116971 0.037836 -0.2492238 0.57462984 0.7795435
-0.0556585 0.0432866 -0.00758834 -0.5696146 0.38202485 -0.7277336
-0.0555479 0.0336816 -0.00619013 -0.28548062 -0.860785 -0.42136675
-0.0161488 0.0574363 0.050904 -0.46303424 -0.32760355 0.8235746
-0.029558 0.161783 -0.0143368 -0.13378288 -0.53365564 -0.83505315
-0.0169203 0.0682168 0.0531499 -0.5439548 -0.24163656 0.8035701
-0.0185748 0.0789703 0.0557353 -0.35914657 -0.16632645 0.91834056
-0.0172876 0.0921774 0.0536212 -0.35792652 0.4044059 0.841632
-0.0422796 0.0699944 -0.0161463 -0.27145374 -0.41312596 -0.86927545
-0.0412513 0.0791378 -0.0197746 -0.23210165 -0.27883664 -0.9318685
-0.0328056 0.0664637 -0.0195215 -0.6859817 -0.24716903 -0.6843512
0.0257452 0.0459137 0.0381185 0.6329606 -0.42431185 0.6475494
0.0184217 0.0423182 0.042477 0.49370867 -0.44615215 0.7464583
0.0538923 0.0557547 0.0266244 0.6740076 -0.16846476 0.7192589
0.0534583 0.0656375 0.0264336 0.5826806 0.4038034 0.70528454
0.0423724 0.0672563 0.0295801 0.5837468 0.253228 0.77143705
0.0418226 0.0675201 -0.00551555 0.73527 0.13473001 -0.6642483
0.0422724 0.0795546 -0.00579461 0.8913779 -0.056196604 -0.4497636
0.0475414 0.0712174 0.00542617 0.7040627 0.5248321 -0.47837958
0.0186424 0.0536035 0.046215 0.4722177 -0.26686004 0.8401168
0.0306748 0.0445124 -0.00617993 0.4995062 -0.58167654 -0.64198595
0.029824 0.0359142 0.00488977 0.27345482 -0.92162776 -0.275363
0.0174795 0.0352131 -0.00592856 0.34560135 -0.90650976 -0.24248661
-0.0416785 0.0420276 -0.00999679 0.09519754 -0.68527216 -0.7220384
-0.0550285 0.0566557 -0.00531375 -0.5897514 -0.31584048 -0.7432617
-0.0233322 0.181239 -0.0112893 0.6063267 0.3082288 0.73305047
-0.0294038 0.17903 -0.00787959 -0.5053975 0.79761165 0.3292248
0.0145778 0.0585769 0.0501691 0.44098863 -0.25275147 0.86118853
0.0447046 0.0927877 0.00507585 0.96929455 0.21264295 -0.12349515
0.0436925 0.0411968 0.01772 0.44499147 -0.8729105 0.20002455
0.0512872 0.0463959 0.00580531 0.6788615 -0.6911837 -0.24781482
0.0532504 0.04759 0.0181903 0.6843429 -0.68131644 0.2597741
-0.0434461 0.15605 0.00615795 0.65342754 0.14755128 0.74246955
-0.0669044 0.115717 0.0473479 0.45378482 -0.4317889 0.77951115
0.0298776 0.0679936 0.0419172 0.5966185 -0.13232382 0.7915408
0.0210524 0.0681161 0.0484346 0.55373037 -0.15411535 0.8183099
0.0459385 0.0796307 0.00579632 0.9388923 0.22687192 -0.25886372
-0.0198801 0.166404 -0.0112699 0.66905856 0.44049546 0.59860206
-0.0594359 0.119905 0.0399756 0.61617994 -0.08837038 0.78263205
0.0286229 0.056876 0.0407635 0.589346 -0.24654128 0.769343
-0.0595109 0.128352 0.0399626 0.6816612 0.14233868 0.7176891
0.0367248 0.0918184 0.0366248 0.7650213 0.16203831 0.6232865
0.0330513 0.107034 0.0319543 0.6767838 0.4725151 0.5645291
0.0300138 0.0932786 0.0421476 0.5451841 0.25176027 0.7996194
-0.0202326 0.181846 -0.0183274 -0.012518387 0.99984366 -0.012484214
0.0520374 0.055073 -0.0024816 0.6736326 -0.19900346 -0.71177006
0.0414633 0.0456301 -0.00354513 0.39387614 -0.60946935 -0.688047
0.0428049 0.0553286 -0.00604704 0.43177935 -0.17363164 -0.88510936
0.0272384 0.103156 0.0397058 0.49391058 0.3878213 0.77823323
0.0250033 0.110611 0.0368459 0.45865914 0.52280635 0.7185438
-0.0569472 0.0349416 0.0423717 -0.15152141 -0.6468453 0.7474171
-0.0568305 0.146392 -0.0026426 0.049940705 0.26342714 -0.96338576
-0.046987 0.147434 -0.00222536 0.5751297 -0.5120018 -0.63802826
0.030684 0.0795461 0.0431507 0.62927514 -0.023018973 0.77684164
0.0371888 0.0792484 0.0367937 0.74033636 -0.02290082 0.67184645
0.0442622 0.0934526 0.0176417 0.9615276 0.22137432 0.16265954
0.046032 0.0793694 0.0177694 0.9139191 0.30466866 0.26819545
0.0150294 0.0677357 0.0520671 0.43792993 -0.15075968 0.8862781
-0.0107262 0.179662 -0.0277472 0.82001984 0.52983326 0.21643546
-0.0261858 0.0568836 -0.0282694 -0.6279268 -0.17513514 -0.75831103
-0.0299024 0.0426031 -0.0283179 -0.37255043 0.3563778 -0.8568553
-0.0307385 0.0563307 -0.018517 -0.8643313 -0.13286315 -0.48505548
-0.041802 0.105934 -0.0198692 -0.09894163 0.29939425 -0.9489856
-0.090925 0.14605 0.0190382 -0.893669 0.4475996 -0.031786308
-0.0559247 0.157606 0.00656455 -0.24919118 0.9539023 0.16725463
0.0368358 0.0678495 0.036641 0.7171518 -0.11154115 0.687933
-0.0702332 0.154262 -0.0312401 -0.48978525 -0.48467717 -0.72470576
-0.061862 0.158417 -0.0293026 0.90203816 -0.43152645 -0.010584551
-0.0684972 0.148194 -0.028726 0.15862076 -0.7273253 -0.66771054
0.0419366 0.0795911 0.0295911 0.88887435 0.06902337 0.45292175
0.0412343 0.0921731 0.0285603 0.8883614 0.22911693 0.39789376
0.0463693 0.0715128 0.0216754 0.7291185 0.35652354 0.58418936
-0.0677112 0.0928918 -0.0168814 -0.39977762 0.14290504 -0.90540373
-0.075666 0.0911817 -0.0136967 -0.6164713 0.018723257 -0.78715473
-0.0795469 0.104194 -0.00620274 -0.64866483 0.17909886 -0.73970103
0.0191348 0.042782 -0.0192095 0.5809093 -0.5644588 -0.5864561
0.0226191 0.0406052 -0.00793544 0.54530466 -0.7195686 -0.42995796
-0.014752 0.181897 -0.0262781 -0.37514892 0.16884875 -0.9114568
0.0435544 0.0411101 0.00579916 0.4338224 -0.88108677 -0.18837234
-0.0914513 0.134136 0.0171026 -0.9966871 0.07867615 -0.020611582
-0.0554508 0.13242 -0.00485445 0.44378066 0.353846 -0.82331747
0.0273142 0.117965 0.0286191 0.5757362 0.68428034 0.44753578
-0.0377039 0.167987 -0.0130391 -0.5016158 0.12362868 -0.8562111
-0.0284733 0.0381489 0.00441853 0.019149907 -0.9994346 -0.027637692
-0.0763773 0.157221 -0.0168889 -0.9999274 0.0061851847 -0.010336053
-0.0764257 0.161707 -0.0297517 -0.8361925 -0.3676162 -0.4069895
-0.0413159 0.0906923 -0.0225881 -0.23580039 0.006685345 -0.9717785
-0.0355144 0.081801 -0.0226887 -0.6138092 -0.15228575 -0.77462715
-0.0680962 0.156721 -0.0426174 -0.22406143 -0.62630635 -0.74668396
-0.0429026 0.0561897 -0.0113043 -0.38565996 -0.0882962 -0.91840637
-0.0346694 0.057124 -0.0114953 -0.51685387 -0.15082964 -0.8426817
-0.0893322 0.142745 0.0290326 -0.9071058 0.37182662 0.19724086
-0.0885261 0.137839 0.0393964 -0.7947229 0.43513593 0.42316926
-0.0893303 0.128309 0.0428023 -0.8881107 0.09282231 0.45015922
0.0260381 0.0475902 -0.0165794 0.6286477 -0.56789404 -0.53131765
-0.082422 0.0951121 0.0310878 -0.8067827 0.019836636 0.5905151
-0.0806026 0.081447 0.0306516 -0.7446496 -0.35387957 0.56592065
-0.0428024 0.0351574 0.0416872 0.010613355 -0.8453932 0.534039
-0.0419404 0.0343698 0.0299668 0.072939016 -0.995871 0.054045536
-0.0906868 0.120305 0.0066804 -0.9467566 -0.08864664 -0.3095057
0.00581988 0.106226 -0.0208968 0.10537143 0.49846032 -0.86048484
-0.00597054 0.106138 -0.0222282 0.042989366 0.56700224 -0.82259375
-0.00588676 0.116622 -0.0160049 -0.014563604 0.5858224 -0.81030864
-0.0695952 0.146412 -0.018032 0.0050497022 -0.92915237 -0.36966258
-0.0625087 0.149934 -0.0150319 0.9424648 -0.33031458 0.05150015
-0.0931466 0.119067 0.0179948 -0.9926825 -0.11670522 -0.031005641
0.0162141 0.0358475 -0.0162131 0.34377107 -0.84708625 -0.40529794
-0.0818721 0.107166 0.031016 -0.762857 -0.28475866 0.580484
-0.0855858 0.10684 0.021729 0.54944223 0.8241634 -0.13736056
-0.0869152 0.0944156 0.00293118 -0.9269663 0.049633317 -0.37184685
0.0381456 0.0881056 -0.0138675 0.7579186 0.14328726 -0.6364182
0.0316842 0.0785087 -0.019208 0.65948087 -0.09602452 -0.74556303
-0.0869924 0.113518 0.00410409 -0.9327462 -0.25553262 -0.2543376
0.00524266 0.0391336 -0.021947 0.042361405 -0.74419004 -0.66662335
0.0193248 0.0358322 0.0313206 0.2830772 -0.9416139 0.18229245
-0.061796 0.155741 -0.0207923 0.93181103 0.23453334 -0.27698767
-0.0640822 0.159391 -0.0169096 0.83998764 0.51019114 0.18473125
0.029518 0.0560564 -0.0175875 0.70945305 -0.29264057 -0.64112234
0.0218121 0.0515865 -0.0236492 0.5557574 -0.36293995 -0.74793607
0.0379451 0.0817167 -0.0141547 0.7693327 -0.18932837 -0.61014915
0.0341128 0.0541776 -0.00948346 0.60598284 -0.38938344 -0.6936608
0.00559979 0.0346604 -0.0179318 -0.10778256 -0.9939018 -0.023283923
-0.017873 0.0383166 0.00599471 0.020870099 -0.99945927 -0.025410311
-0.0688695 0.157773 -0.00687593 0.3279144 0.8601811 0.39059013
-0.0315484 0.0343023 -0.0284081 -0.07142461 -0.81173545 -0.5796414
-0.0417838 0.0357602 -0.0264107 -0.7578209 -0.15680914 -0.63333905
-0.0383907 0.0419218 -0.0264039 -0.39421442 0.47281477 -0.7880616
-0.0664416 0.159957 -0.0533713 0.29533437 -0.8473721 -0.4412913
-0.0620037 0.167422 -0.0527165 0.9991672 0.039543573 -0.010063455
-0.0656987 0.171007 -0.056644 -0.031517427 -0.3887663 -0.92079717
-0.0705433 0.149897 -0.0387319 0.0 0.0 1.0
-0.0673967 0.155256 0.00581389 0.06842631 0.9824478 -0.17353418
-0.0761707 0.155559 -0.0059272 -0.61283004 0.7863876 0.07767796
-0.078994 0.153984 0.00651862 -0.5264322 0.829544 -0.18634899
-0.0817356 0.15439 0.0177332 -0.50069165 0.8642686 -0.0484516
-0.0793517 0.0798559 -0.00640565 -0.7508677 -0.35980016 -0.55384237
-0.0735819 0.0777026 -0.0122023 -0.30151135 0.904534 -0.30151135
-0.068141 0.0801227 -0.0164278 -0.42027435 -0.28396165 -0.861821
-0.0440959 0.127453 -0.00327875 0.25537714 0.8248691 -0.5043546
-0.0305879 0.122384 -0.00635771 0.12862505 0.84215903 -0.5236638
-0.0763977 0.171291 -0.0411021 -0.97196704 -0.15925439 -0.17296836
-0.0760529 0.177651 -0.0471457 -0.36981183 0.84642416 0.38315195
0.0304193 0.118572 0.0188068 0.70309556 0.7033179 0.10488395
-0.0184015 0.122219 -0.00775134 -0.16029386 0.8551452 -0.49298322
0.0304173 0.118495 0.00573814 0.72910345 0.6762929 -0.10505276
-0.0719677 0.177848 -0.0474604 0.2893261 0.78498596 0.5478024
-0.0692263 0.178922 -0.0542743 0.20629214 0.9580376 -0.19901659
-0.0644267 0.0414591 0.0304476 -0.7969807 0.59767765 -0.08719635
-0.0642837 0.0396418 0.039624 -0.8400218 0.16532893 0.51674914
0.0285741 0.116909 -0.00391772 0.6029837 0.6972182 -0.38768226
-0.0254815 0.0798697 0.0510546 -0.6021741 -0.19205908 0.77491915
-0.0254201 0.0886622 0.0503827 -0.6385757 0.1536408 0.754066
-0.0760271 0.175704 -0.0506937 -0.840572 0.017964952 -0.54140186
-0.0233834 0.0656416 0.0450976 -0.66703475 -0.21969222 0.71189886
-0.0561165 0.0654329 0.0341979 -0.4742677 -0.45824692 0.751718
-0.0488091 0.0660127 0.0373959 -0.29945073 -0.56958884 0.7654396
0.0189749 0.121506 -0.00694565 0.45554477 0.6724442 -0.5833504
-0.0664059 0.0343649 -0.00416668 -0.6502086 -0.50059247 -0.5715207
-0.0656787 0.0408332 -0.00401793 -0.65272427 0.56598604 -0.5035978
-0.0480038 0.056366 0.0362663 -0.5359612 -0.509709 0.6730099
-0.0762697 0.0912245 0.0383419 -0.6175813 0.011240295 0.78642666
-0.0848523 0.134078 0.0470177 -0.6227421 0.27264386 0.73338777
-0.0833055 0.115643 0.046828 -0.44927192 -0.5677175 0.68982
0.0310139 0.0930696 -0.017798 0.56365335 0.2909604 -0.7730699
0.0177004 0.105983 -0.0186138 0.37145513 0.4694152 -0.80104333
0.0202668 0.092861 -0.0237363 0.4328619 0.38988912 -0.8127835
-0.0322294 0.0446593 -0.0167499 -0.740598 -0.007639776 -0.67190486
-0.0650541 0.0353259 0.0162237 -0.7737777 -0.54342043 0.3255185
-0.0676 0.0340299 0.00590491 -0.6933825 -0.71649045 0.076565154
-0.0647676 0.0350792 0.0294481 -0.95159274 -0.28629085 -0.11184259
-0.06432 0.0352261 0.0387914 -0.554666 -0.7549262 0.34990293
-0.0634632 0.0414321 0.0142052 -0.6459376 0.6130122 0.4549513
-0.0298523 0.170905 -0.0165609 -0.4665625 0.112308696 -0.87732905
-0.0848266 0.148987 0.0327697 -0.6814763 0.6661836 0.30296764
-0.0528191 0.162649 0.00296711 -0.57317877 0.72692305 0.3782181
-0.0293932 0.178536 -0.0145563 -0.75797886 0.5213218 -0.3920354
-0.0179091 0.0385902 0.0296167 0.0527459 -0.97925353 0.19565399
-0.0309728 0.0794701 -0.0312475 -0.80426145 -0.057999633 -0.59143853
-0.0177887 0.115911 -0.0157838 -0.07668911 0.63974565 -0.76475114
-0.0177953 0.106289 -0.0217771 -0.047658667 0.57933956 -0.8136918
-0.0293987 0.115917 -0.0147065 -0.020516435 0.67494106 -0.7375864
-0.0057907 0.128077 -0.00285105 -0.12646876 0.90024 -0.41662163
0.00626556 0.128047 -0.0031705 0.08325689 0.91420335 -0.39661133
-0.00762538 0.123273 -0.00981555 -0.08446455 0.7757268 -0.6253908
-0.000385714 0.0351459 0.0134171 -0.29550382 -0.9552881 0.010107287
0.00536022 0.0345956 0.0179871 -0.21861078 -0.95683974 0.19148634
-0.00589791 0.0381782 0.0177062 -0.23721376 -0.9647237 0.114182726
0.00702627 0.0978418 -0.0246055 0.8944272 -0.4472136 0.0
0.00530988 0.0933129 -0.0301852 0.2462939 0.4215346 -0.8727245
-0.0290792 0.067426 -0.0290521 -0.8116211 -0.23824915 -0.5333934
0.00753447 0.0355596 -0.00650063 -0.44178292 -0.89417344 -0.07267442
0.00103528 0.0375917 0.000952222 -0.39838138 -0.88688904 -0.23392329
0.00430437 0.0384017 -0.0071754 -0.26808846 -0.95791197 -0.10263188
-0.082427 0.0928134 -0.00556046 -0.8531472 -0.035227247 -0.5204795
0.0151616 0.126104 -0.00266395 0.32235375 0.8406916 -0.4351156
0.00532732 0.123661 -0.00997105 0.103036776 0.76210165 -0.6392062
-0.0177608 0.0343319 -0.0259142 0.12263612 -0.6869909 -0.71624285
0.0161181 0.11563 -0.0145451 0.42732376 0.5203149 -0.7393693
0.00732515 0.118243 -0.0153012 0.14587969 0.57401025 -0.80574894
0.016864 0.089935 -0.0269104 0.4128875 0.31390646 -0.8549776
-0.0687629 0.0686694 -0.00654941 -0.5131054 -0.6651831 -0.5424521
-0.0773687 0.0732571 -0.00409771 -0.6851526 -0.58592016 -0.43273965
-0.0811312 0.117972 -0.00359453 -0.64204323 0.036850728 -0.7657823
-0.0723735 0.110057 -0.00943257 -0.46634626 0.2298055 -0.854231
-0.0532547 0.157456 -0.00281896 -0.658531 0.18266065 -0.7300494
-0.0193328 0.0979251 -0.024792 -0.8944272 0.0 0.4472136
-0.0184118 0.0948059 -0.0307434 -0.22300494 0.5616009 -0.79678935
-0.0730504 0.06542 0.00552859 -0.5900714 -0.78185445 -0.20129432
-0.00632139 0.0931652 -0.0328935 0.18349527 0.4134207 -0.89185923
0.0514871 0.0637279 -0.00174794 0.52072877 0.38209966 -0.7634405
-0.0148892 0.126068 -0.00252126 -0.27277008 0.9057585 -0.32434246
0.0285777 0.105181 -0.0142381 0.4735806 0.49823493 -0.7262805
-0.0271537 0.0351608 0.0509267 -0.23284233 -0.68067896 0.6945939
-0.0307826 0.0347596 0.0432959 -0.458232 -0.64559054 0.6109307
-0.0144478 0.0879274 -0.0380297 0.038396593 0.3366517 -0.940846
-0.0193036 0.0810128 -0.0384318 -0.028614499 0.14477438 -0.9890508
-0.0549448 0.106348 -0.0185625 -0.22347349 0.31045866 -0.92394537
-0.066462 0.104777 -0.0148582 -0.42297405 0.24740681 -0.87171257
-0.0664352 0.117198 -0.00987161 -0.30742428 0.26454479 -0.91406035
-0.0552189 0.117461 -0.0133744 -0.14814915 0.4961533 -0.85550207
0.0161924 0.080479 -0.0292174 0.46159267 0.08882928 -0.8826333
0.0249138 0.0825163 -0.0245877 0.53201455 0.06050049 -0.84457105
-0.0173157 0.0432674 -0.0282906 -0.07035896 -0.26820743 -0.96078837
-0.00518939 0.043046 -0.0273333 0.17695887 -0.48066399 -0.8588642
-0.0409565 0.117168 -0.0145809 0.022078767 0.592865 -0.8049992
-0.0552181 0.122506 -0.00946488 0.0050652907 0.5369256 -0.84361434
-0.0412517 0.123196 -0.00958087 0.101418294 0.7493103 -0.6544068
-0.0248988 0.0815004 -0.0371078 -0.44183788 0.16216704 -0.8823158
-0.0569732 0.0651628 -0.00958219 -0.2836991 -0.57382524 -0.76827043
-0.055586 0.0722983 -0.0161218 -0.150443 -0.5056968 -0.8494926
-0.0545252 0.0808478 -0.0201707 -0.11593677 -0.2740613 -0.9546984
-0.0637884 0.0712697 -0.0138535 -0.34579903 -0.59534967 -0.725246
-0.0553659 0.0919829 -0.0211783 -0.21804696 0.07200854 -0.9732781
0.0143253 0.0473484 -0.0251513 0.31218502 -0.48487344 -0.816969
-0.0207234 0.0672793 -0.036553 -0.4051501 -0.3061834 -0.8614552
0.00625193 0.0459623 -0.0263782 0.20775247 -0.44154257 -0.8728569
0.00604086 0.0555073 -0.0304314 0.22922754 -0.2774217 -0.9330016
0.0056558 0.0676237 -0.0329199 0.25615206 -0.153488 -0.9543729
0.00568561 0.0790547 -0.0339189 0.31141496 0.08124469 -0.9467946
-0.0261898 0.0377592 0.0177044 0.10332735 -0.9945331 0.015078041
-0.00690237 0.03464 -0.0202171 0.08069584 -0.99449646 -0.066819765
-0.00613413 0.0546372 -0.032635 0.092760205 -0.2983673 -0.9499329
-0.00684543 0.0679742 -0.0359406 0.15063135 -0.22657846 -0.9622746
-0.00338429 0.0804511 -0.0367226 0.24662219 0.10268854 -0.9636558
-0.00953661 0.0794104 -0.0379859 0.13816714 0.076522715 -0.98744833
-0.0190658 0.0546695 -0.0318646 -0.22139734 -0.3264209 -0.9189302
-0.0175719 0.0705473 -0.0382261 -0.062369525 -0.17523393 -0.9825493
-0.018062 0.0352627 -0.0195401 -0.01479699 -0.94325244 0.33174667
0.00114114 0.037661 0.0223414 -0.2876632 -0.9085739 0.30289155
-0.0784177 0.110126 0.0417886 -0.34587455 -0.7840431 0.51540977
0.00583339 0.0351076 0.0420914 0.14726283 -0.67455095 0.7233911
0.015243 0.0356116 0.0412692 0.41954976 -0.7164374 0.5574005
0.0189222 0.0351076 0.00499769 0.059273206 -0.9982182 -0.0068706553
0.028662 0.0358411 0.0187496 0.2406823 -0.9620807 0.1283463
0.0193224 0.0351814 0.0196616 0.060592618 -0.997434 0.038130317
0.00550127 0.0385556 0.0296609 -0.29076812 -0.9287228 0.23006058
-0.00596581 0.0388946 0.0299252 -0.031889595 -0.9889359 0.14487527
-0.0183407 0.0352362 0.0507938 0.52267486 -0.62179625 0.5832498
-0.0180834 0.0348142 0.0458772 0.34079626 -0.8821421 0.3250896
0.0100253 0.0355029 0.029656 -0.16671205 -0.97934306 0.1144302
-0.000947006 0.0357374 0.0103469 -0.3872757 -0.91547585 -0.10918567
-0.00584714 0.0383419 0.00590803 -0.17360239 -0.97923064 -0.10473598
-0.00593935 0.038948 -0.00592129 -0.008019488 -0.999882 0.013103493
0.00512066 0.0348398 0.00558498 -0.201369 -0.97143054 -0.12559167
-0.0178078 0.0381962 0.0178114 0.02439316 -0.99952745 0.018703092
-0.00654912 0.0350372 0.0453959 0.23762031 -0.33665928 0.9111516
0.0334119 0.0376179 0.0210082 0.29754105 -0.8807403 0.36846417
-0.00602034 0.0381237 -0.0145184 0.05053858 -0.93402934 0.353603
-0.0729893 0.0656116 0.0181693 -0.59657454 -0.7893989 0.14473452
-0.0773436 0.0727226 0.0266546 -0.696225 -0.61205906 0.37503925
-0.0660515 0.0611144 0.00585548 -0.5140651 -0.8527255 -0.09271601
-0.0655396 0.0607885 0.0175707 -0.48977706 -0.85693526 0.16056292
-0.0688014 0.0685726 0.0306649 -0.47007546 -0.6772722 0.56597835
-0.055026 0.0336204 0.00583816 -0.051396854 -0.9985803 0.013991566
-0.063538 0.071665 0.0379463 -0.30799383 -0.6364671 0.70714176
-0.0563247 0.0336762 0.0175265 -0.18887046 -0.9817473 0.02236431
-0.0554301 0.0342555 0.0297952 -0.08490091 -0.99583334 0.03328341
-0.0430308 0.0341391 -0.00565972 0.39896804 -0.8744658 -0.27592394
-0.0424621 0.0343144 0.00590597 0.0023260093 -0.9992107 0.039654575
-0.031577 0.0358487 -0.0179669 0.11899989 -0.7460786 0.6551379
-0.0342325 0.033759 0.00717517 -0.08419353 -0.9900591 0.11266967
